00011100000000010000000000001010
00011100000000100000000000010100
00011000000001101111111111111111
00011000000001111111111100000000
00011100000000110000000000011110
00011100000001000000000000101000
00011100000001010000000000110010
00000000001001100100000000000000
00000000010001110100100000000001
00000100011010101111111111111111
00001000100010110000000001010000
00000000110001110110000000000010
00000000110001110110100000000011
00000000110001110111000000000100
00000000000000000000000000000000
00110101000010010000000000011110
00000000000000000000000000000000
00000000000000000000000000000000
00100000101100100000000000000000
00101000000100110000000000110011
00111100000000000000000000101000
00000000000000000000000000000000
00000000000000000000000000000000
00000000000000000000000000000000
00000000100001011100000000000000
00000000000000000000000000000000
00111000000000000000000000110010
00000000000000000000000000000000
00000000000000000000000000000000
00000000000000000000000000000000	
00100100101000100000000000000000
00101100000000110000000000110011
00001100001011110000000010000000
00010000001100000000011111010000
00010100001100010000000000000101
00000000000000000000000000000000
00110000110011010000000000010010
00000000000000000000000000000000
00000000000000000000000000000000
00000000000000000000000000000000
00000000000011011010000010000101
00000000000011011010100010000111
00000000000011011011000100000110
00000000000011011011100100001000
00000000000000000000000000000000
01000000000000000000000000000000
00000000000000000000000000000000
00000000000000000000000000000000
00000000000000000000000000000000
00000000000000000000000000000000
00111000000000000000000000110010
00000000000000000000000000000000
00000000000000000000000000000000
00000000000000000000000000000000