00101000000000010000000000000000
00101000000000100000000000000001
00101000000000110000000000000010
00000000000000000000000000000000
00000000000000000000000000000000
01000100010000000000000000010111
00000000000000000000000000000000
00000000000000000000000000000000
00000000000000000000000000000000
00000000001000110001100000000000
00001000010000100000000000000001
00000000000000000000000000000000 
00000000000000000000000000000000
00000000000000000000000000000000
00110100000000100000000000001001
00000000000000000000000000000000
00000000000000000000000000000000
00000000000000000000000000000000
00101100000000110000000000000010
00111000000000000000000000100001
00000000000000000000000000000000
00000000000000000000000000000000
00000000000000000000000000000000
00000000010000000001000000001011
00000000001000000000100000001011
00000000000000000000000000000000
00000000000000000000000000000000
00000100010000100000000000000001
00000100001000010000000000000001
00111000000000000000000000001001
00000000000000000000000000000000
00000000000000000000000000000000
00000000000000000000000000000000
00111000000000000000000000100001
00000000000000000000000000000000
00000000000000000000000000000000
00000000000000000000000000000000